320
<<<<<<< HEAD
600
3
0
370
570
1
4
0
380
115
308
115
238
115
168
115
98
115
28
115
378
175
308
175
238
175
168
175
98
175
28
175
378
235
308
235
238
235
168
235
98
235
28
235
378
295
308
295
238
295
168
295
98
295
28
295
=======
400
3
false
0
370
370
2
4
0
640
150
0
540
150
0
440
150
0
340
150
0
240
150
0
140
150
0
40
150
0
640
90
0
540
90
0
440
90
0
340
90
0
240
90
0
140
90
0
40
90
0
640
30
0
540
30
0
440
30
0
340
30
0
240
30
0
140
30
0
40
30
0
>>>>>>> 47c883294f21ff883730c83e00f51e60d123fdef
